depth:
fx = 224.501999
fy = 230.494003
cx = 160.000000
cy = 120.000000
k1 = -0.170102999
k2 = 0.144063994
k3 = -0.0476993993
p1 = 0.000000000
p2 = 0.000000000

color:
fx = 587.452087
fy = 600.674561
cx = 320.000000
cy = 240.000000
k1 = 0.0225751996
k2 = -0.162668005
k3 = 0.186138004
p1 = 0.000000000
p2 = 0.000000000
